"","PaperId","AuthorId","AffiliationId","AuthorSequenceNumber","OriginalAuthor"
"1","648748856",2154686820,199691007,1,"Raimundo Braga Sobrinho"
"2","650279768",2115203836,4068193,1,"Miloš Burger"
"3","650279768",2151554130,4068193,2,"Zoran Nikolić"
"4","650551574",2640065147,59361560,1,"Marlene Rodríguez Macias"
"5","652955071",1995448619,NA,2,"Nataša Ćuković Ignjatović"
"6","652955071",2075884566,NA,1,"Dušan Ignjatović"
"7","652955071",2156626183,NA,3,"Milica Jovanović Popović"
"8","652988837",1534099151,4068193,4,"Jovanka M. Filipović"
"9","652988837",1982941714,4068193,5,"Gordana S. Ušćumlić"
"10","652988837",1995555852,4068193,2,"Bojan Đ. Božić"
"11","652988837",2129551503,4068193,1,"Marija M. Babić"
"12","652988837",2153585986,4068193,6,"Simonida L.-J. Tomić"
"13","652988837",2914635161,4068193,3,"Biljana Đ. Božić"
"14","653210375",1626579654,4068193,1,"Dragica Sisovic"
"15","654378860",572460402,4068193,6,"Katarina Karljiković-Rajić"
"16","654378860",2083397132,4068193,5,"Sote Vladimirov"
"17","654378860",2136874665,4068193,1,"Bojan Marković"
"18","654378860",2552015607,4068193,4,"Vedrana Savić"
"19","654378860",2553552910,4068193,2,"Janko Ignjatović"
"20","654378860",2580322232,4068193,3,"Mirjana Vujadinović"
"21","657200857",2120092352,NA,4,"M. M. Ristić"
"22","657200857",2194248214,NA,1,"Č. Jovalekić"
"23","657200857",2611276482,NA,3,"V. Petrović"
"24","657848332",2020399213,4068193,4,"Božica Bojović"
"25","657848332",2123602264,4068193,1,"Aleksandra Debeljković Mitrović"
"26","746106371",2681490190,NA,1,"Токарев Владимир Федорович"
"27","750343091",2134433265,4068193,3,"Zvezdana Baščarević"
"28","750343091",2141668403,4068193,1,"Nataša Marjanović"
"29","750343091",2154792018,4068193,2,"Miroslav Komljenović"
"30","750343091",2160858930,4068193,4,"Violeta Nikolić"
"31","750789216",1581212495,4068193,3,"J. B. Bajat"
"32","750789216",2052880240,4068193,4,"V. B. Miskovic-Stankovic"
"33","750789216",2658723925,NA,1,"B. V. Jegdic"
"34","750789216",2907979859,4068193,2,"J. P. Popic"
"35","751227864",2107941513,NA,1,"Delic Dejan"
"36","756252915",2893389701,NA,6,"Rolf Gruetter"
"37","756707599",2905375327,NA,4,"В. А. Александрин"
"38","759013672",2364255956,NA,2,"Milica Obradovic"
"39","759013672",2382689615,NA,3,"Natasa Petrovic"
"40","759013672",2638932007,NA,1,"Vojislav Radosavljevic"
"41","759698038",2178815661,NA,1,"Antônio Roberto Marchese de Medeiros"
"42","764517691",1275661823,4068193,6,"D.V. Tošić"
"43","765019347",1411288978,4068193,5,"Selmina Nurkovic"
"44","765019347",1636541279,4068193,1,"Tatjana Gazibara"
"45","765019347",1916694716,4068193,4,"Ilma Kurtagic"
"46","765019347",1991387252,4068193,6,"Biljana Rancic"
"47","765019347",2120960956,4068193,3,"Nikolina Kovacevic"
"48","765019347",2142449943,4068193,7,"Sanja Radovanovic"
"49","765654661",2298722031,1313323035,1,"B. S. Darkhovskii"
"50","766526586",2061517101,4068193,5,"Veljko Milutinović"
"51","766526586",2324058740,4068193,2,"Nikola Bežanić"
"52","766627943",1990494869,4068193,5,"Aleksandar Kremenović"
"53","766627943",2057390187,4068193,2,"Bratislav Antić"
"54","767858084",2030838337,4068193,9,"Tanja Cirkovic Velickovic"
"55","769420932",2123562855,4068193,1,"Violeta Vasilić"
"56","769420932",2306435062,4068193,2,"Dragan Blagojević"
"57","769691853",1803577214,5124864,2,"Mor Mishkovsky"
"58","779318834",2157876597,NA,1,"Жулинский Сергей Федорович"
"59","780605520",2641582500,NA,3,"W Jonczyk"
"60","784187142",2703060440,NA,1,"Goran Gavrić"
"61","786434863",2312004548,4068193,5,"S.B. Vrhovac"
"62","786434863",2608077927,4068193,2,"Z.M. Jakšić"
"63","786434863",2682163942,4068193,1,"S. Živković"
"64","786434863",2892870041,4068193,3,"D. Arsenović"
"65","786983451",1965255765,4068193,3,"Olivera Ciraj-Bjelac"
"66","786983451",2069585016,4068193,4,"Jelica Kaljevic"
"67","786983451",2082226221,4068193,2,"Predrag Marinkovic"
"68","786983451",2404723320,4068193,1,"Jelena Stankovic"
"69","786983451",2570161599,4068193,6,"Djordje Lazarevic"
"70","786983451",2570592497,4068193,5,"Danijela Arandjic"
"71","787779164",667346837,4068193,3,"V. Koteski"
"72","787779164",2024816001,4068193,2,"K. Batalović"
"73","787779164",2071917011,4068193,4,"J. Radaković"
"74","787779164",2085149803,4068193,1,"J. Belošević-Čavor"
"75","787967244",2492567336,4068193,2,"Tatjana Kosić"
"76","787967244",2749348420,4068193,1,"Aleksandra Krstić-Furundžić"
"77","789366615",2660367171,NA,1,"Токарев Владимир Федорович"
"78","791552830",2165340782,4068193,1,"R. Stikic"
"79","800005964",2311346051,162577319,1,"Vladimir Dragovic"
"80","800048238",2306553704,4068193,2,"Vladan Tubić"
"81","805328932",1953962088,NA,3,"Ivan Milenković"
"82","805328932",2000903003,4068193,6,"Nenad Keča"
"83","805586266",1930121498,4068193,1,"Stoimir Kolarević"
"84","805586266",1932685631,4068193,2,"Margareta Kračun-Kolarević"
"85","805586266",1989235828,4068193,8,"Jelena Knežević-Vukčević"
"86","805586266",2014918076,4068193,9,"Branka Vuković-Gačić"
"87","805586266",2142305523,4068193,3,"Jovana Kostić"
"88","805586266",2165664267,4068193,6,"Zoran Gačić"
"89","805586266",2302451700,4068193,7,"Momir Paunović"
"90","821633464",1987832064,4068193,1,"I Pecinar"
"91","821633464",2006594901,4068193,3,"D Rancic"
"92","821633464",2043345417,4068193,4,"M Terzic"
"93","821633464",2074002936,4068193,2,"S Pekic Quarrie"
"94","821633464",2165340782,4068193,5,"R Stikic"
"95","822253356",2551681598,NA,2,"I. Radisavljevic"
"96","822253356",2703747355,4068193,6,"O. Eric-Cekic"
"97","822894008",2657857130,NA,1,"Токарев Владимир Федорович"
"98","824521622",2657576000,NA,1,"Z. Witkiewicz"
"99","829379261",2907897648,4068193,3,"B. Stojanovic"
"100","832327861",2301435163,4068193,1,"Dusan Popovic"
"101","841596680",2019693263,4068193,3,"Lj. Matović"
"102","841596680",2104700090,4068193,5,"N. Novaković"
"103","841596680",2583050836,4068193,1,"S. Kurko"
"104","841596680",2630832494,4068193,2,"B. Paskaš-Mamula"
"105","841596680",2780167751,4068193,4,"J. Grbović Novaković"
"106","842295068",1982187199,4068193,4,"Vladan B. Stevanović"
"107","842831752",2684188607,NA,1,"M. Lenhardt"
"108","842878089",2163786876,879563668,5,"Flávio Ruas de Moraes"
"109","844862220",222157251,4068193,1,"Predrag V. Pejovic"
"110","844862220",435213964,4068193,2,"Mirjana Simic"
"111","845365331",2057700034,4068193,1,"Aleksandra R. Nesic"
"112","845365331",2235176589,4068193,3,"Sava J. Velickovic"
"113","845365331",2248740380,4068193,4,"Dusan G. Antonovic"
"114","845365331",2798797517,4068193,2,"Antonije Onjia"
"115","847846371",808877325,4068193,1,"Nevana Stajcic"
"116","848244052",2051591939,4068193,3,"Aleksandar Bulajić"
"117","848244052",2617355499,4068193,1,"Katarina Popović"
"118","848244052",2661215722,4068193,2,"Maja Maksimović"
"119","848815907",13932995,4068193,3,"M. Ljujic"
"120","848815907",684540713,4068193,6,"D. Radojkovic"
"121","848815907",815562785,4068193,2,"A. Divac Rankov"
"122","848815907",893843690,4068193,1,"J. Kusic-Tisma"
"123","848815907",2136958459,4068193,4,"N. Pejanovic"
"124","848815907",2563496073,4068193,5,"B. Stanic"
"125","850136173",692119645,4068193,8,"Velimir R. Radmilović"
"126","850136173",692119645,181369854,8,"Velimir R. Radmilović"
"127","850136173",2276090149,4068193,7,"Vuk V. Radmilović"
"128","850136173",2276090149,181369854,7,"Vuk V. Radmilović"
"129","850361716",1870602096,NA,2,"J. Wiatr"
"130","853039976",2222947882,4068193,3,"Natasa Trisovic"
"131","853039976",2238232495,4068193,2,"Tasko Maneski"
"132","853039976",2723628531,4068193,1,"Ezedine Allaboudi"
"133","853387809",2738937777,1294627699,6,"V. Kolganov"
"134","856389015",2717189696,4068193,1,"Bojan Gavrilović"
"135","856995236",2569593567,4068193,2,"Vesna Popović"
"136","862413262",416895092,NA,4,"Stevo K. Jaćimovski"
"137","862668835",896616576,NA,3,"S. Domonji"
"138","862668835",2438459172,NA,1,"L. Borota"
"139","862668835",2443802019,NA,2,"R. Bajic"
"140","862668835",2524759171,NA,5,"P. Petrovic"
"141","862668835",2525256479,NA,4,"B. Prstojevic"
"142","863839074",2035293159,4068193,1,"Dragan S. Milutinovic"
"143","863963535",2092427737,4068193,1,"Mladen S. Banjanin"
"144","863963535",2092427737,194184283,1,"Mladen S. Banjanin"
"145","863963535",2330000779,4068193,3,"Zlatan M. Stojković"
"146","863963535",2425679752,4068193,2,"Milan S. Savić"
"147","865105406",2313676571,4068193,8,"I. Smiljanić"
"148","865105406",2468753621,4068193,6,"M. Pandurović"
"149","865105406",2601089787,4068193,1,"G. Milutinović-Dumbelović"
"150","865105406",2608176019,4068193,5,"S. Lukić"
"151","865105406",2634025625,4068193,2,"I. Božović-Jelisavc̆ić"
"152","865105406",2721761378,4068193,4,"G. Kac̆arević"
"153","867023680",2799063007,NA,2,"Jovan Zubović"
"154","867111441",1970705185,96415178,3,"Dragoljub Sekulović"
"155","867111441",2007696945,96415178,2,"Miodrag Regodić"
"156","867111441",2028030752,1306956679,4,"Vladan Tadić"
"157","867111441",2494490582,NA,1,"Goran Ćirović"
"158","867111441",2582543250,96415178,5,"Ljubomir Gigović"
"159","869972457",2222988242,4068193,2,"J. Jovanović"
"160","869972457",2239205839,4068193,3,"B. Stanković"
"161","869972457",2310690645,4068193,5,"B. Adnadjević"
"162","869972457",2719948354,NA,4,"S. Ostojić"
"163","870175313",1997816667,4068193,2,"Zoran Kadelburg"
"164","870185537",1989858672,4068193,8,"Marija Djuric"
"165","870185537",2159712018,4068193,7,"Zlatko Rakocevic"
"166","870185537",2339307611,4068193,1,"Djordje Antonijevic"
"167","870185537",2423485611,4068193,2,"Petar Milovanovic"
"168","870185537",2576353929,4068193,4,"Dragan Ilic"
"169","870631204",684017202,4068193,1,"Filip Andrić"
"170","872874798",2706435599,142476485,1,"K. Felch"
"171","885282576",2090868542,1331164456,1,"P. Ranitović"
"172","885282576",2583579363,1331164456,3,"B. Đorović"
"173","885282576",2628406117,1331164456,2,"I. Tot"
"174","886002112",2646540602,4068193,5,"M. Grajic"
"175","887938580",1982607979,4068193,2,"Zorana Ferjancic"
"176","887938580",2033628767,NA,1,"Jasna Marjanovic"
"177","887938580",2137920546,4068193,3,"Radomir N. Saicic"
"178","889006570",2715996924,NA,1,"Z. Pop-Stojanović"
"179","892024244",2250013535,NA,4,"Z. Burzić"
"180","892024244",2437319460,NA,5,"M. Arsić"
"181","892024244",2466212510,4068193,1,"M. Burzić"
"182","896816231",2695329918,NA,1,"Gorana Isailovic"
"183","897739830",1571232257,4068193,2,"Aleksandar Baucal"
"184","898254520",2134655729,889315371,3,"Jonel Subić"
"185","900065476",707533572,4068193,7,"N.V. Krstajić"
"186","900065476",1278529003,4068193,1,"B.M. Jović"
"187","900065476",1988853303,NA,4,"Lj. Gajić-Krstajić"
"188","900065476",2149304197,4068193,2,"U.Č. Lačnjevac"
"189","900065476",2203101309,4068193,3,"V.D. Jović"
"190","900065476",2690744600,4068193,6,"D. Poleti"
"191","901560633",2894409093,NA,2,"B. Radjenović"
"192","904730919",1930121498,4068193,14,"Stoimir Kolarević"
"193","904730919",1932685631,4068193,13,"Margareta Kračun-Kolarević"
"194","904730919",2004982432,4068193,8,"Aleksandra Uskoković"
"195","904730919",2020543931,4068193,2,"Duško Blagojević"
"196","904730919",2025543023,4068193,7,"Svetlana Dinić"
"197","904730919",2040743280,4068193,9,"Nevena Grdović"
"198","904730919",2075848224,4068193,4,"Predrag Simonović"
"199","904730919",2134914320,4068193,1,"Mirjana Mihailović"
"200","904730919",2192259925,4068193,6,"Melita Vidaković"
"201","904730919",2302451700,4068193,16,"Momir Paunović"
"202","904730919",2316054120,4068193,11,"Miloš Đorđević"
"203","904730919",2509769923,4068193,12,"Anja Tolić"
"204","904730919",2549097547,4068193,10,"Jelena Arambašić-Jovanović"
"205","905447034",211714515,4068193,2,"Ninoslav Djelic"
"206","905447034",1983629236,4068193,3,"Jevrosima Stevanovic"
"207","905447034",1990949593,4068193,7,"Zoran Stanimirovic"
"208","905447034",2035955298,4068193,5,"Dejan Radovic"
"209","905447034",2061457406,4068193,4,"Marina Sokovic"
"210","905447034",2094682121,4068193,1,"Milena Radakovic"
"211","906213599",2681286887,NA,3,"Božidar Savić"
"212","907106342",2113557634,4068193,1,"Miroslav Pavlović"
"213","907106342",2342408494,4068193,3,"Vladan Ćosović"
"214","908832838",771701809,4068193,4,"S. Sakan"
"215","908832838",1908968266,4068193,3,"D. Đorđević"
"216","908832838",1990016252,4068193,12,"B. Tubić"
"217","908832838",2032160594,4068193,9,"O. Kostić"
"218","908832838",2076025542,4068193,10,"D. Pavlović"
"219","908832838",2108664262,4068193,8,"S. Jarić"
"220","908832838",2162144067,4068193,1,"P. Pavlović"
"221","908832838",2286437564,4068193,2,"M. Mitrović"
"222","908832838",2302451700,4068193,13,"M. Paunović"
"223","908832838",2314273621,4068193,11,"N. Marinković"
"224","910459148",2129386989,NA,3,"D.M. Davidovic"
"225","910459148",2489690769,NA,5,"S. Tadic"
"226","910459148",2614798456,NA,1,"S.J. Stankovic"
"227","910459148",2647263195,NA,2,"R.D. Ilic"
"228","910459148",2657708855,NA,4,"M. Petrovic"
"229","910459148",2666108409,NA,6,"M. Kovacevic"
"230","910463213",2041350513,4068193,1,"Zoran Stojadinović"
"231","910463213",2137576879,4068193,3,"Branislav Ivković"
"232","910463213",2492012829,4068193,2,"Dejan Marinković"
"233","911226911",2465011204,NA,3,"Monica Reyes-Santos"
"234","912365411",261795500,4068193,1,"Dragan Kreculj"
"235","912365411",2042210800,4068193,2,"Boško Rašuo"
"236","914229911",2782851971,4068193,1,"Liubomir T. Grujic"
"237","914668969",2055861237,4068193,1,"Dragica Vujadinović"
"238","916173959",2089593787,4068193,1,"Djordje Stratimirovic"
"239","916173959",2112565529,4068193,3,"Vladimir Miljkovic"
"240","916173959",2281042503,149461666,4,"Suzana Blesic"
"241","916173959",2463035863,4068193,2,"Darko Sarvan"
"242","916820443",2080427713,889315371,1,"Marko Jeločnik"
"243","916820443",2709378247,889315371,3,"Marijana Jovanović"
"244","926105339",371332613,4068193,6,"Aleksandra Perić-Grujić"
"245","926105339",584599505,NA,1,"Isidora Deljanin"
"246","926105339",1920069671,4068193,5,"Milica Tomašević"
"247","926105339",1933435989,4068193,3,"Gordana Vuković"
"248","926105339",2116546065,4068193,7,"Mirjana Ristić"
"249","926105339",2251904390,4068193,4,"Mira Aničić Urošević"
"250","926105339",2304046883,NA,2,"Davor Antanasijević"
"251","934245608",2516642615,NA,3,"Naum Pinkhasovich Soschin"
"252","935875661",2120738546,NA,2,"Aldeida Bašić"
"253","940256635",2102585190,NA,1,"Шевченко Александр Валерьевич"
"254","942860516",2294507976,4068193,1,"Djordje Kalicanin"
"255","942860516",2315640808,4068193,2,"Vladan Knezevic"
"256","942914014",1855480589,4068193,1,"D. D. Markushev"
"257","942914014",1972874619,4068193,3,"M. D. Rabasović"
"258","942914014",2476917505,4068193,5,"D. M. Todorović"
"259","942914014",2848497630,4068193,4,"S. Galović"
"260","943268779",1275406137,4068193,2,"Nenad Gligoric"
"261","943268779",2137884710,4068193,1,"Ana Uzelac"
"262","943268779",2310598932,4068193,3,"Srdjan Krco"
"263","943435309",1913447723,4068193,2,"Ž. Đorđević"
"264","943435309",2294814653,4068193,1,"S. Vesković"
"265","943468462",2657927865,NA,1,"Ivana Popović"
"266","943563187",2138107762,189158943,1,"L. de Polo"
"267","944783041",115542,4068193,1,"Sanja Blagdanić"
"268","944783041",1892628010,4068193,2,"Zorica Kovačević"
"269","945762506",2524872568,NA,1,"Sasa Vujic"
"270","945762506",2525703647,NA,3,"Milana Spanovic"
"271","945762506",2525797414,NA,2,"Momcilo Majic"
"272","946387391",455664979,4068193,1,"Martin B. Popević"
"273","946387391",1974169641,4068193,5,"Jovica Milovanović"
"274","946387391",1992946903,4068193,4,"Dejan Nešić"
"275","946387391",2014621374,4068193,3,"Ljudmila Nagorni-Obradović"
"276","946387391",2296370626,4068193,2,"Anđela Milovanović"
"277","946387391",2786852151,4068193,6,"Aleksandar P. S. Milovanović"
"278","946850057",707910933,4068193,1,"Nada Dimković"
"279","946850057",1861426195,4068193,3,"Jelena Marinković"
"280","946850057",2289809848,4068193,2,"Ljubica Djukanović"
"281","946857392",2870021062,2800451603,1,"Rumpf Holger"
"282","948587447",2650279527,NA,2,"T. Wierzbowska"
"283","951470211",599239836,NA,1,"Фролов Илья Руфинович"
"284","953676754",2717740901,NA,3,"K. Setlak"
"285","954042422",2781389060,1288882113,1,"S. V. Perovic"
"286","954610943",31634163,4068193,8,"Olgica Djurković-Djaković"
"287","954610943",1923223980,4068193,5,"Nada Ćosić"
"288","954610943",2021671235,4068193,2,"Vlado Teodorović"
"289","954610943",2138634867,4068193,7,"Ivana Klun"
"290","954610943",2142314177,4068193,6,"Mirjana Dimitrijević"
"291","954610943",2465394282,4068193,3,"Dragan Vasilev"
"292","954610943",2467461021,4068193,1,"Duško Ćirović"
"293","954610943",2720207132,4068193,4,"Marija Marković"
"294","955566283",433303912,4068193,5,"V. Desimirović"
"295","955566283",2025284889,NA,6,"Dj Minić"
"296","955566283",2156014574,4068193,3,"D. Djaković"
"297","955566283",2653354353,4068193,4,"Ž. Martinović"
"298","955566283",2716172814,4068193,1,"D. Raković"
"299","955566283",2919338846,4068193,2,"Dj Koruga"
"300","955778477",2427209034,NA,3,"J Gascón Brustenga"
"301","957236257",2309086460,NA,1,"Юрій Васильович Реков"
"302","959766838",2189417186,4068193,1,"M. Kuzmanović"
"303","959766838",2638679973,4068193,3,"M. Martić"
"304","959766838",2682257688,4068193,2,"B. A. Gušavac"
"305","960204381",2616697434,4068193,1,"Miodrag A. Jovanovic"
"306","962028432",303277205,4068193,1,"Bojan P. Bondžić"
"307","962511050",2773219821,NA,1,"Slavoljub Tasić"
"308","962784303",1027117413,4068193,2,"Nataša Buha"
"309","962784303",2026742393,4068193,1,"Milica Gligorovic"
"310","963685362",608612335,2802421035,1,"Francisco P Navarro Reynoso"
"311","967048754",1632364701,NA,2,"Miomir Vukobratovic"
"312","967048754",2136636686,NA,1,"Dusko Katic"
"313","968136268",1974748030,NA,5,"Ivana Stojicevic"
"314","968136268",2126353517,NA,3,"Marijana Stojanovic"
"315","968136268",2429925901,NA,4,"Emilija Marinkovic"
"316","968477300",1919891923,NA,1,"Vladimir Matić"
"317","968477300",1924827532,NA,4,"Žarko Markov"
"318","968477300",2070386577,NA,2,"Aleksandar Lebl"
"319","968477300",2128588235,NA,3,"Dragan Mitić"
"320","968703792",73594474,4068193,4,"Goran Cirović"
"321","969361039",2338966973,NA,5,"K. Górak"
"322","974239199",2214050899,4068193,1,"A.S. Grujić"
"323","974427740",1962259807,4068193,2,"Vera V. Kovačević-Vujčić"
"324","974472573",2096490084,4068193,1,"Svetlana Štrbac"
"325","974472573",2159712018,4068193,3,"Zlatko Rakočević"
"326","974472573",2489156041,4068193,2,"Milutin Smiljanić"
"327","974571521",1989674712,4068193,1,"Sandro Radovanovic"
"328","974571521",2436664608,4068193,3,"Ana Kovacevic"
"329","974571521",2436664608,84392919,3,"Ana Kovacevic"
"330","974571521",2921564675,4068193,2,"Milan Vukicevic"
"331","974571521",2921564675,84392919,2,"Milan Vukicevic"
"332","975308785",2302451700,4068193,3,"Momir Paunović"
"333","975562879",2687408916,NA,1,"G. N. Jovanovic"
"334","975892857",584115036,4068193,5,"Jasmina Krpo-Ćetković"
"335","975892857",2028481041,4068193,4,"Sladjana Spasić"
"336","975892857",2075217749,4068193,2,"Filis Morina"
"337","975892857",2101097538,4068193,1,"Arian Morina"
"338","975892857",2122854223,4068193,3,"Vesna Djikanović"
"339","975892857",2124916961,4068193,6,"Mirjana Lenhardt"
"340","976012776",2121529569,100930933,2,"Deborah Wallace"
"341","978476220",565388745,4068193,1,"Miodrag Dragoj"
"342","978476220",1966083347,4068193,3,"Jasna Bankovic"
"343","978476220",1998918097,4068193,7,"Tijana Stankovic"
"344","978476220",2052755019,4068193,6,"Nikola Tanic"
"345","978476220",2176383262,4068193,5,"Milica Pesic"
"346","978476220",2213665109,4068193,4,"Jelena Dinic"
"347","978476220",2292214978,4068193,2,"Zorica Milosevic"
"348","980142997",641256912,4068193,2,"Nebojša Jović"
"349","980849260",670318747,4068193,1,"Dušan Teodorovič"
"350","980849260",2218333087,4068193,2,"Katarina Vukadinovič"
"351","981982161",2089796835,4068193,4,"Miodrag K. Pavicevic"
"352","981982161",2234821846,4068193,3,"Ivan A. Grzetic"
"353","981982161",2481538385,4068193,1,"Ifan A. Slavic"
"354","983309914",1523138967,4068193,2,"Miloš Glavonjić"
"355","983309914",2310184176,4068193,1,"Branko Kokotović"
"356","983725772",458746472,NA,3,"Petar M. Seferović"
"357","983725772",2799647861,NA,2,"Arsen D. Ristić"
"358","984396908",2705649205,2252078561,1,"B. Krywult"
"359","985600340",2113771604,NA,1,"Головин Александр Александрович"
"360","988221324",2329933539,181343428,12,"Siniša Šefer"
"361","990826703",2510419924,NA,2,"Jovana Dimitrijević"
"362","990826703",2516037037,NA,3,"Biliana Rakočević"
"363","992531171",2004474465,1338511612,3,"D. Uskoković"
"364","992531171",2641692327,1338511612,1,"P. Kostić"
"365","992531171",2722596950,1338511612,2,"O. Milosević"
"366","992939104",2523249181,4068193,1,"Čedo Maksimović"
"367","993344676",179972311,4068193,4,"Vladimir Slavnić"
"368","993344676",2036559863,4068193,6,"Antun Balaž"
"369","993344676",2117998577,4068193,3,"Aleksandar Jović"
"370","993344676",2478864541,4068193,1,"Dušan Stanković"
"371","993344676",2605966131,4068193,5,"Dušan Vudragović"
"372","993344676",2634254201,4068193,2,"Petar Jovanović"
"373","993431593",2042210800,4068193,1,"B. Rasuo"
"374","993446665",1206240022,NA,1,"Jelena Cirilovic"
"375","993446665",1996190906,4068193,2,"Goran Mladenovic"
"376","993446665",2106099620,4068193,3,"Cesar Queiroz"
"377","998673415",2158455672,58918642,3,"Georgi A. Georgiev"
"378","999659777",2090868542,1331164456,1,"P. Ranitović"
"379","999659777",2342510436,NA,5,"V. Vukadinović"
"380","999810052",355242886,161318765,4,"David Elashoff"
"381","999810052",1113700141,161318765,5,"Dragana Kastratovic"
"382","999810052",2104350759,161318765,1,"Jianghua Wang"
"383","999810052",2108580996,161318765,2,"Tianwei Yu"
"384","999810052",2278248244,161318765,7,"Svetozar Damjanovic"
"385","999810052",2434589033,161318765,3,"Hui Zhou"
"386","999810052",2562595028,161318765,9,"David Wong"
"387","999810052",2571001959,161318765,8,"Milovan Dimitrijevic"
"388","999810052",2575776032,161318765,6,"Vojko Djukic"
"389","1000206675",2099179310,4068193,1,"Aleksandra Delic"
"390","1000603350",2134567773,NA,1,"Anja Terzić"
"391","1000603350",2139123357,NA,3,"Ljubiša Andrić"
"392","1000603350",2249345555,4068193,2,"Lato Pezo"
"393","1000603350",2265995024,NA,4,"Vojislav V. Mitić"
"394","1002819002",2422461988,NA,2,"Stephane Lavallee"
"395","1004278004",2080086852,4068193,6,"Petar S. Uskoković"
"396","1004278004",2124435205,4068193,2,"Marija M. Dimitrijević"
"397","1004278004",2127842354,4068193,3,"Radmila M. Jančić Heinemann"
"398","1004278004",2140029475,4068193,4,"Vesna Radojević"
"399","1004278004",2214695731,4068193,7,"Radoslav Aleksić"
"400","1004278004",2310133672,4068193,5,"Dušica B. Stojanović"
"401","1004278004",2557158340,4068193,1,"Faisal Ali Alzarrug"
"402","1004696513",828374394,4068193,8,"Tamara Timić Stamenić"
"403","1004696513",1228633876,4068193,5,"Danijela V. Ranđelović"
"404","1004696513",1577972973,4068193,4,"Tanja M. Isailović"
"405","1004696513",1948660048,4068193,1,"Sanela M. Đorđević"
"406","1004696513",2008510947,4068193,10,"Snežana D. Savić"
"407","1004696513",2136874665,4068193,6,"Bojan D. Marković"
"408","1004696513",2171788850,4068193,3,"Miroslav M. Savić"
"409","1004762503",2630231758,4068193,1,"Želimir M. Kešetović"
"410","1005059776",2024823729,4068193,1,"Tatjana Vukosavljevic-Gvozden"
"411","1005059776",2073987456,4068193,3,"Goran Opacic"
"412","1005059776",2136868093,4068193,2,"Severina Filipovic"
"413","1005857294",2106540003,4068193,1,"Nenad Zrnić"
"414","1006029597",2614554179,NA,11,"Divna Kekus"
"415","1006029597",2741210434,NA,10,"Zvonko Dimoski"
"416","1006060275",714986304,NA,4,"M. Šćepanović"
"417","1006060275",733591475,NA,2,"Z. Dohčević-Mitrović"
"418","1006060275",1774460070,NA,5,"B. Matović"
"419","1006060275",2633916277,NA,1,"M. Radović"
"420","1006060275",2658061528,NA,3,"N. Paunović"
"421","1006060275",2779759271,NA,6,"Z.V. Popović"
"422","1008021724",2461742555,4068193,1,"Mihailo Marković"
"423","1008454969",2673417452,4068193,1,"G. Belojevic"
"424","1009250429",2042210800,4068193,4,"Boško Rašuo"
"425","1009250429",2124710052,NA,2,"Marija Samardžić"
"426","1009250429",2143070771,NA,3,"Predrag Stojaković"
"427","1009250429",2555837246,NA,1,"Miodrag Milenković-Babić"
"428","1009310092",2097087454,1268775,1,"José A. Guerra Pando"
"429","1010445793",2167710073,199691007,2,"Dejair Lopes de Almeida"
"430","1012940972",2719835069,4068193,1,"Darko B. Šepa"
"431","1013185481",2508486228,NA,1,"Young Il Yang"
"432","1013185481",2514544969,NA,2,"Nancy Jane Shelby"
"433","1013202117",2467213413,4068193,1,"T. Đakov"
"434","1013202117",2578379688,4068193,2,"Lj. Rajaković"
"435","1013202117",2635092693,4068193,3,"I. Popović"
"436","1013451605",2115357418,4068193,2,"Aca Jovanović"
"437","1013451605",2249345555,4068193,1,"Lato Pezo"
"438","1013451605",2583378242,4068193,3,"Milada Pezo"
"439","1014128972",2723989035,NA,3,"G. Tomanek"
"440","1014608280",1986363520,NA,1,"Snežana Štetić"
"441","1014608280",2019499648,4068193,3,"Sanja Pavlović"
"442","1014608280",2156540896,NA,2,"Šimičević Dario"
"443","1015638540",2047195190,4068193,5,"B. Lončar"
"444","1015638540",2574278977,NA,4,"K.S. Janković"
"445","1015638540",2581453998,NA,2,"R.D. Ilić"
"446","1015638540",2614798456,NA,1,"S.J. Stanković"
"447","1015638540",2664453960,NA,3,"M. Živanović"
"448","1015668920",2043803350,NA,4,"Aleksandar Veg"
"449","1015668920",2808804646,NA,5,"Radomir Radiša"
"450","1015931038",1963923029,4068193,2,"Dejan M. Rašić"
"451","1016143005",2060314343,4068193,1,"Ljubomir T. Grujic"
"452","1016216736",761827189,4068193,1,"Boris Delibašić"
"453","1017300693",1956351078,1288882113,4,"Bojan Bukva"
"454","1017748816",2112396474,NA,1,"Дудевич Галина"
"455","1018512182",131296469,NA,2,"Hristina Vlajinac"
"456","1018512182",718738085,NA,1,"Sandra Sipetic"
"457","1018512182",1269231888,NA,3,"Vesna Bjegovic"
"458","1019673272",1984454093,4068193,1,"D. S. Mitrinović"
"459","1020698573",2422348162,NA,2,"Izhak Fabian"
"460","1025478942",2490415876,NA,5,"Nada Papić"
"461","1025478942",2495455244,NA,3,"Dragica Ljuština"
"462","1025478942",2497842762,NA,4,"S. Mičić"
"463","1026190372",2143775518,NA,1,"Егорова Ирина Евгеньевна"
"464","1027873122",1396184884,4068193,3,"Zoran Rakić"
"465","1027873122",2238765234,4068193,1,"Neda Bokan"
"466","1028578453",1969409722,4068193,3,"M. Ivić"
"467","1028578453",2294814653,4068193,1,"S. Vesković"
"468","1028578453",2602785289,4068193,5,"S. Milinković"
"469","1029936607",2641144195,NA,1,"D. Vilotić"
"470","1029936607",2703632245,NA,2,"M. TošIć"
"471","1030478514",417637722,4068193,1,"Sanja Dimoski"
"472","1030478514",2093996457,4068193,2,"Fadil Eminović"
"473","1030478514",2251146013,4068193,3,"Irena Stojković"
"474","1030478514",2628703122,4068193,4,"Dragana Stanimirović"
"475","1030674953",2120009436,NA,2,"Мирошниченко Ксения Сергеевна"
"476","1031699219",2597426400,4068193,1,"Svetlana M. Kostic"
"477","1033603486",713791698,4068193,1,"Desanka P. Radunović"
"478","1036056810",660349267,4068193,4,"Ž. Kamberović"
"479","1036056810",676340722,4068193,6,"Z. Anđić"
"480","1036056810",1989434079,NA,2,"D. Ivšić-Bajčeta"
"481","1036056810",2131896583,NA,1,"M. Štulović"
"482","1036056810",2442341223,4068193,3,"M. Ristić"
"483","1036056810",2672085156,NA,5,"M. Korać"
"484","1037190770",1977758461,4068193,4,"Milovan Stoiljkovic"
"485","1037190770",2006609565,4068193,5,"Jelena Savovic"
"486","1037190770",2020009658,4068193,2,"Miroslav Kuzmanovic"
"487","1037190770",2425053863,4068193,1,"Dragan Rankovic"
"488","1037190770",2558328793,4068193,3,"Mirjana S. Pavlovic"
"489","1037445156",2302926432,4068193,4,"Slobodan Zdravkovic"
"490","1037496231",151753284,NA,13,"M. Dramicanin"
"491","1037496231",992988602,4068193,14,"T. Kravic Stevovic"
"492","1037496231",1966868861,4068193,11,"I. Holclajtner-Antunovic"
"493","1037496231",2053575444,4068193,17,"V. Trajkovic"
"494","1037496231",2060468063,NA,9,"S. Jovanovic"
"495","1037496231",2081061935,4068193,2,"V. Paunovic"
"496","1037496231",2084288810,4068193,8,"L. Vucicevic"
"497","1037496231",2086616540,NA,3,"Z. Markovic"
"498","1037496231",2108006511,4068193,15,"D. Ciric"
"499","1037496231",2305543675,NA,6,"B. Todorovic Markovic"
"500","1037496231",2444483704,4068193,5,"M. Misirkic Marjanovic"
"501","1037496231",2662380789,NA,12,"M. Milosavljevic"
"502","1039177852",2432574886,NA,1,"Mihailo Marković"
"503","1039608252",2290991247,4068193,2,"Ljubomir Todorovic"
"504","1039863595",2608783801,4068193,2,"K. I. Popov"
"505","1039863595",2699609325,4068193,1,"A. R. Despić"
"506","1042372078",2695367460,NA,6,"E. Czarnowska"
"507","1044816716",2805074330,NA,1,"Rade M. Dacić"
"508","1045569777",2637189245,4068193,1,"D. Momčilović-Kostadinović"
"509","1047073641",683981372,4068193,5,"J.D. Bobic"
"510","1047073641",1234318105,4068193,1,"A.S. Dzunuzovic"
"511","1047073641",1973300836,4068193,8,"B.D. Stojanovic"
"512","1047073641",1995657201,4068193,2,"M.M.Vijatovic Petrovic"
"513","1047073641",2072214384,4068193,4,"N.I. Ilic"
"514","1047073641",2124165405,4068193,3,"B.S. Stojadinovic"
"515","1047203513",2088210845,4068193,1,"Ana Aleksić Mirić"
"516","1047203513",2195394569,4068193,3,"Mirjana Petković"
"517","1049047527",1238332965,4068193,1,"R. Kravljanac"
"518","1049047527",1995924293,4068193,2,"M. Ðurić"
"519","1049047527",2701313046,4068193,3,"B. Tadić"
"520","1053817829",1998294809,4068193,4,"D. Savić Pavićević"
"521","1053817829",2552961826,NA,1,"S. Ostojić"
"522","1053817829",2553267379,NA,3,"G. Kovačević"
"523","1053817829",2691525888,NA,2,"D. Zamurović"
"524","1059191434",262566871,4068193,3,"Jelena Marjanovic Vicentic"
"525","1059191434",1878947308,4068193,1,"Marija Mojsin"
"526","1059191434",2164350346,4068193,2,"Vladanka Topalovic"
"527","1059191434",2304465838,4068193,7,"Milena Stevanovic"
"528","1059191434",2306021673,4068193,4,"Marija Schwirtlich"
"529","1059191434",2309692734,4068193,5,"Danijela Stanisavljevic"
"530","1059191434",2559848790,4068193,6,"Danijela Drakulic"
"531","1061727569",2678671557,NA,2,"M.I. Manić"
"532","1062166302",701589296,NA,9,"Lidija T. Mancic"
"533","1062166302",1980472175,4068193,3,"Gordana Ćirić-Marjanović"
"534","1062166302",2159091461,4068193,1,"Dragana J. Jovanović"
"535","1062166302",2310736044,4068193,4,"Tamara Radetić"
"536","1062166302",2677598611,NA,2,"Ivan M. Dugandžić"
"537","1062166302",2722596950,NA,6,"Olivera B. Milošević"
"538","1062166302",2803272727,4068193,8,"Zoran V. Šaponjić"
"539","1062166302",2917636820,4068193,7,"Jovan M. Nedeljković"
"540","1062528749",2099296218,4068193,3,"S. Milanović"
"541","1062528749",2325234410,4068193,1,"D. Drljačić"
"542","1062528749",2325234410,34661156,1,"D. Drljačić"
"543","1062528749",2422763952,4068193,2,"S. Pajić"
"544","1062528749",2492699253,4068193,4,"T.V. Ilić"
"545","1062528749",2492699253,1304155728,4,"T.V. Ilić"
"546","1065174047",2087955420,4068193,3,"Zoran Miljković"
"547","1065174047",2117741416,4068193,1,"Najdan Vuković"
"548","1065174047",2143534767,4068193,2,"Marko Mitić"
"549","1074785393",2747138828,4068193,1,"Dragoljub Gajic"
"550","1074785393",2747138828,58918642,1,"Dragoljub Gajic"
"551","1075772361",1475448714,4068193,4,"Danica Bajuk-Bogdanović"
"552","1075772361",1738742404,4068193,7,"Strahinja Križak"
"553","1075772361",2014701565,4068193,5,"Miroslav Nikolic"
"554","1075772361",2255402837,4068193,6,"Marina Stanić"
"555","1075772361",2582980481,4068193,1,"Milan Žižić"
"556","1076296525",1238332965,4068193,2,"R. Kravljanac"
"557","1076296525",1995924293,4068193,1,"M. Ðurić"
"558","1076296525",2701313046,4068193,3,"B. Tadić"
"559","1081972364",2022956748,4068193,1,"Jelena M. Djoković"
"560","1086352554",681071783,NA,1,"Slavik Jablan"
"561","1087215427",2555347288,NA,1,"D. Jovanović"
"562","1088720642",2017626656,NA,2,"V. Milić Rašić"
"563","1088720642",2314185959,NA,4,"S. Ostojić"
"564","1088720642",2332269330,NA,1,"G. Kovačević"
"565","1088720642",2664898348,NA,3,"D. Zamurović"
"566","1088886424",2049772075,4068193,1,"Vladimir V. Arsoski"
"567","1088886424",2283123237,4068193,2,"N. A. Cukaric"
"568","1088886424",2283123237,149213910,2,"N. A. Cukaric"
"569","1088886424",2797541406,4068193,3,"M. Z. Tadic"
"570","1090119579",2015288058,4068193,1,"D. Hrnčić"
"571","1090119579",2031682945,4068193,2,"A. Rašić – Marković"
"572","1090119579",2095071008,1338511612,7,"V. Šušić"
"573","1090119579",2125961006,4068193,9,"O. Stanojlović"
"574","1090119579",2552640018,4068193,8,"D. Ðurić"
"575","1090119579",2553825968,4068193,6,"Ð. Macut"
"576","1090119579",2556625206,4068193,4,"Ž. Grubač"
"577","1090119579",2632977535,4068193,3,"N. Šutulović"
"578","1090119579",2674304722,4068193,5,"M. Vorkapić"
"579","1091032580",2181977025,4068193,2,"Marija Milojkovic"
"580","1092073253",1230567706,4068193,3,"Ana S. Dobrota"
"581","1092073253",1976176990,4068193,2,"Nemanja M. Gavrilov"
"582","1092073253",1980472175,4068193,9,"Gordana N. Ćirić-Marjanović"
"583","1092073253",2002405445,4068193,5,"Marija D. Stojmenović"
"584","1092073253",2064587006,4068193,7,"Dalibor M. Stanković"
"585","1092073253",2067689263,4068193,8,"Biljana M. Babić"
"586","1092073253",2068696893,4068193,1,"Igor A. Pašti"
"587","1092073253",2291018949,4068193,10,"Slavko V. Mentus"
"588","1092073253",2291018949,1338511612,10,"Slavko V. Mentus"
"589","1092073253",2441303822,4068193,4,"Milan Z. Momčilović"
"590","1092332569",1876902118,4068193,1,"Goran Cuturilo"
"591","1092332569",1876902118,1288882113,1,"Goran Cuturilo"
"592","1092332569",2080880909,4068193,4,"Svetlana Ignjatovic"
"593","1092332569",2443183819,4068193,3,"Ivana Novakovic"
"594","1092332569",2568508274,4068193,12,"Aleksandar Ljubic"
"595","1092332569",2644407417,4068193,2,"Olivera Kontic Vucinic"
"596","1092568689",2004738345,4068193,9,"M. Svetel"
"597","1092568689",2032518437,4068193,6,"I. Petrović"
"598","1092568689",2163353925,4068193,2,"A. Tomić"
"599","1092568689",2418397359,4068193,10,"V.S. Kostić"
"600","1092568689",2608071863,4068193,1,"M. Ječmenica-Lukić"
"601","1093127845",2719559862,4068193,1,"I. Marjanović"
"602","1093542313",2025540443,4068193,4,"M. Ugrin"
"603","1093542313",2095356902,4068193,12,"S. Pavlovic"
"604","1093542313",2280295095,4068193,6,"A. Skakic"
"605","1093542313",2646713373,4068193,11,"S. Vujovic"
"606","1093542313",2665378262,4068193,1,"I. Milacic"
"607","1093542313",2675575713,4068193,2,"M. Barac"
"608","1093542313",2918726194,4068193,5,"K. Klaassen"
"609","1093542313",2919589601,4068193,13,"M. Stojiljkovic"
"610","1095750759",2067559431,4068193,1,"Tomislav B. Šekara"
"611","1096926823",2803350769,NA,1,"M. Milovanović"
"612","1098911146",2158635812,4068193,1,"Miloš S. Stanković"
"613","1098911146",2297156958,4068193,2,"Srdjan S. Stanković"
"614","1099229579",2654347390,4068193,2,"I. Berisavac"
"615","1099229579",2683847842,4068193,1,"M. Ercegovac"
"616","1100939696",2024046366,4068193,2,"Branislav Bajat"
"617","1100939696",2025513290,4068193,3,"Milan Kilibarda"
"618","1103138786",11925485,4068193,2,"Miroslava Unkašević"
"619","1103138786",2050498952,4068193,1,"Zorka Vukmirović"
"620","1103138786",2250335509,4068193,3,"Ivana Tošic"
"621","1108976457",1233955118,4068193,1,"Mladen Čudanov"
"622","1111299592",2330934418,1304155728,5,"T.V. Ilić"
"623","1111299592",2701039529,4068193,4,"S. Milovanović"
"624","1113622694",722115452,1304155728,1,"V. Martić"
"625","1114908459",2551728241,NA,1,"A. Nikolić"
"626","1117921637",2042274460,4068193,1,"Dragan Radojevic"
"627","1118939809",2076758765,4068193,4,"Svetlana Ibrić"
"628","1118939809",2093167533,4068193,1,"Djordje Medarević"
"629","1118939809",2144954456,4068193,3,"Zorica Djurić"
"630","1119434099",2248606826,NA,1,"Milivoj Klarin"
"631","1119492936",2579488922,NA,2,"Nikola Nikacevic"
"632","1119625577",1120090512,4068193,1,"DzodicRadan"
"633","1119625577",1126689589,NA,6,"PupicGordana"
"634","1119625577",1132621742,4068193,4,"MarkovicIvan"
"635","1119625577",1141228204,NA,3,"ButaMarko"
"636","1119625577",1149616553,NA,5,"DjurisicIgor"
"637","1119625577",1163733193,NA,7,"LukicSilvana"
"638","1119625577",1202053026,NA,2,"OruciMerima"
"639","1134802311",1991678342,4068193,1,"Jelena Stanisavljevic"
"640","1135040918",2693651977,NA,1,"L.A. Herrygers"
"641","1135224400",1981924555,4068193,5,"Branko Karadžić"
"642","1135224400",2049245434,4068193,3,"Rada Matić"
"643","1135224400",2062137450,4068193,4,"Branka Stevanović"
"644","1135224400",2251265584,4068193,2,"Srđan Bojović"
"645","1135224400",2551780359,4068193,1,"Zorica Popović"
"646","1135662484",691033206,4068193,5,"M. Laušević"
"647","1135662484",2023840750,4068193,1,"M. Vukčević"
"648","1135662484",2634202655,NA,2,"A. Kalijadis"
"649","1135662484",2718892685,NA,3,"Z. Jovanović"
"650","1142388774",2804433360,4068193,1,"S. Jelačic"
"651","1142422843",59360323,4068193,5,"Vladan Kusigerski"
"652","1142422843",728765872,4068193,6,"Vojislav Spasojević"
"653","1142422843",1977758461,4068193,4,"Milovan Stoiljković"
"654","1142422843",2320326634,4068193,3,"Dragana Jordanov"
"655","1142422843",2467283386,4068193,1,"Milena Rosić"
"656","1142422843",2549497105,4068193,2,"Ljiljana Kljaljević"
"657","1142422843",2746283741,4068193,7,"Branko Matović"
"658","1142932516",2165664267,4068193,2,"Zoran Gacic"
"659","1143930813",2014701565,4068193,2,"Miroslav Nikolic"
"660","1145496044",1990937767,4068193,10,"Srdjan Pasic"
"661","1145510435",2014701565,4068193,2,"Miroslav Nikolic"
"662","1149619991",2059896356,4068193,3,"Georgije Lukatela"
"663","1161138574",2439172488,NA,4,"S. Radulovic"
"664","1161138574",2651732005,NA,3,"S. Arandjelovic"
"665","1161389187",2435461157,4068193,1,"M. Stajic"
"666","1162721621",738335819,4068193,6,"Šćepan Miljanić"
"667","1162721621",2252935807,4068193,3,"Nikola Vokić"
"668","1162721621",2256460881,4068193,4,"Miljan Radosavljević"
"669","1162721621",2258566023,4068193,1,"Ivan Stoševski"
"670","1162721621",2409549504,4068193,2,"Jelena Krstić"
"671","1162721621",2551780359,4068193,5,"Zorica Kačarević Popović"
"672","1163109739",2692471561,NA,1,"R. Tutaj"
"673","1168256821",371332613,4068193,5,"Aleksandra A. Perić-Grujić"
"674","1168256821",1534099151,4068193,6,"Jovanka M. Filipović"
"675","1168256821",1991500321,4068193,3,"Katarina M. Antić"
"676","1168256821",2025478765,4068193,1,"Jovana S. Vuković"
"677","1168256821",2129551503,4068193,2,"Marija M. Babić"
"678","1168256821",2153585986,4068193,7,"Simonida Lj. Tomić"
"679","1168256821",2206087155,4068193,4,"Miona G. Miljković"
"680","1168664706",1146634402,4068193,1,"Aleksandar Demić"
"681","1168664706",2078320836,4068193,3,"Jelena Radovanović"
"682","1168664706",2608707385,4068193,2,"Vitomir Milanović"
"683","1172900525",2136297217,4068193,1,"S. Petrović"
"684","1172900525",2634722126,4068193,3,"M. Ćosić"
"685","1172900525",2693314200,4068193,2,"N. Nešković"
"686","1173046508",2615034792,4068193,1,"Sandra Hodzic"
"687","1173046508",2804017864,4068193,2,"S Bosko Jovanovic"
"688","1173364714",1125090580,NA,1,"Dragan B. Nauparac"
"689","1173364714",1181986543,4068193,4,"Ivana S. Todić"
"690","1173364714",2131992455,4068193,3,"Marko V. Miloš"
"691","1175019058",2681873522,4068193,1,"D.T. Kanazir"
"692","1181279027",2630481540,NA,1,"Селищева Евгения Олеговна"
"693","1182264529",2118878799,NA,2,"Viktor Georgievich Antonov"
"694","1192775462",2746761531,4068193,1,"Marija Djekic-Ivankovic"
"695","1192775462",2746761531,5023651,1,"Marija Djekic-Ivankovic"
"696","1192935957",1997352808,4068193,2,"D. Poleti"
"697","1192935957",2028447639,4068193,6,"G. Branković"
"698","1192935957",2078716719,4068193,3,"J. Rogan"
"699","1192935957",2171391246,4068193,4,"A. Radojković"
"700","1192935957",2201113531,4068193,1,"A. Dapčević"
"701","1193110923",2597543651,170253739,1,"Ana Petrov"
"702","1193242870",2087955420,4068193,4,"Zoran Miljković"
"703","1193242870",2117741416,4068193,2,"Najdan Vuković"
"704","1193242870",2129845621,4068193,3,"Milica Petrović"
"705","1193242870",2143534767,4068193,1,"Marko Mitić"
"706","1194942317",2466093324,4068193,1,"Biljana Abolmasov"
"707","1195653682",1964386867,4068193,5,"Dragan Stanimirovic"
"708","1195653682",2025468609,4068193,4,"Marko Magic"
"709","1196586068",280745681,4068193,4,"Uroš Đurić"
"710","1196586068",1235968239,4068193,5,"Irena Basarić"
"711","1196586068",2111998958,4068193,1,"Snežana Bogdanović"
"712","1196586068",2134473808,4068193,2,"Miloš Marjanović"
"713","1196586068",2134473808,62916508,2,"Miloš Marjanović"
"714","1196586068",2466093324,4068193,3,"Biljana Abolmasov"
"715","1197251779",675163509,4068193,2,"M. Grujić-Brojčin"
"716","1197251779",714986304,4068193,8,"M. Šćepanović"
"717","1197251779",1531909922,4068193,6,"J. Krstić"
"718","1197251779",2594834649,4068193,1,"N. Tomić"
"719","1197251779",2626633020,4068193,5,"B. Simović"
"720","1197251779",2746283741,4068193,7,"B. Matović"
"721","1197648147",1139250363,4068193,1,"Biljana Deretić-Stojanović"
"722","1197648147",2597426400,4068193,2,"Svetlana M. Kostić"
"723","1197649148",2103607466,NA,2,"Conxita Leal"
"724","1203128416",2157384553,NA,3,"J Torrabadella Fábrega"
"725","1207698737",2805131007,4068193,1,"Teodor Ast"
"726","1208386288",2586735808,NA,1,"Arkadiusz Grześkowiak"
"727","1224344917",2014701565,4068193,2,"Miroslav Nikolic"
"728","1224541373",1900885372,4068193,2,"Nebojša J. Bojović"
"729","1224541373",2168546556,4068193,1,"Miloš S. Milenković"
"730","1225033097",1871135128,NA,3,"Aleksandra Anđelković"
"731","1225033097",1918476867,4068193,1,"Ilija Djekic"
"732","1225033097",1953751925,4068193,6,"Igor Tomašević"
"733","1225033097",2018600426,NA,2,"Jelena Kuzmanović"
"734","1225033097",2514735220,NA,5,"Marija M. Stojanović"
"735","1225033097",2518482353,NA,4,"Miroslava Saračević"
"736","1225898019",2122856197,4068193,8,"Vladimir Blagojevic"
"737","1228647933",1980323368,NA,2,"Aleksandar Ilić"
"738","1231741234",2762636066,5561750,2,"Leonardo Serra"
"739","1232452826",1994730437,4068193,7,"N. Ivanović"
"740","1232452826",2058629310,4068193,1,"I. Radisavljević"
"741","1232452826",2104700090,4068193,2,"N. Novaković"
"742","1232452826",2177053834,4068193,4,"N. Romčević"
"743","1232956136",1966868861,4068193,6,"Ivanka Holclajtner-Antunović"
"744","1232956136",1968028806,1338511612,7,"Vladimir Pavlović"
"745","1232956136",1997573606,4068193,5,"Davor Peruško"
"746","1232956136",2014899494,4068193,1,"Jovana Prekodravac"
"747","1232956136",2057580915,4068193,10,"Biljana Todorović-Marković"
"748","1232956136",2060468063,4068193,3,"Svetlana Jovanović"
"749","1232956136",2086616540,4068193,2,"Zoran Marković"
"750","1232956136",2313497153,4068193,4,"Milica Budimir"
"751","1234547453",2014701565,4068193,2,"Miroslav Nikolic"
"752","1237032095",2746312133,1304155728,3,"Aleksandar Pantovic"
"753","1238468410",1334496597,4068193,4,"Jelena Lozo"
"754","1238468410",1666696460,4068193,3,"Gordana Uzelac"
"755","1238468410",1980878281,4068193,7,"Milan Kojic"
"756","1238468410",1996492227,4068193,2,"Zorica Radulovic"
"757","1238468410",2114062835,4068193,6,"Ljubisa Topisirovic"
"758","1238468410",2132128042,4068193,5,"Dragojlo Obradovic"
"759","1238468410",2153879604,4068193,1,"Nemanja Mirkovic"
"760","1241206464",1993502165,4068193,1,"Mihail Arandarenko"
"761","1244842098",270378964,4068193,4,"Aleksandar Sedmak"
"762","1244842098",2076166920,4068193,5,"Marko Rakin"
"763","1244842098",2139205839,NA,2,"Danijela Živojinović"
"764","1244842098",2284793973,4068193,3,"Aleksandar Grbović"
"765","1244842098",2309168027,NA,1,"Andrijana Đurđević"
"766","1244842098",2309558317,NA,7,"Snežana Kirin"
"767","1247048658",1849461082,4068193,1,"Ž. Marjanović"
"768","1247048658",2646575157,NA,4,"E. Saljnikov"
"769","1247048658",2811508099,4068193,3,"D. Mutavdžić"
"770","1249676069",2119899171,4068193,3,"Vladislav Maraš"
"771","1250450710",2440018687,880747138,2,"David A. Swanson"
"772","1260782366",2223211021,NA,1,"Luis N. Piacentini"
"773","1266355421",2014701565,4068193,2,"Miroslav Nikolic"
"774","1268373090",1965306253,4068193,1,"Milica Kalić"
"775","1268373090",2047342799,4068193,2,"Slavica Dožić"
"776","1268373090",2127613252,4068193,3,"Jovana Kuljanin"
"777","1272838033",1520513939,4068193,4,"Jelena Randjelovic"
"778","1272838033",1554845338,4068193,8,"Vladimir Savic"
"779","1272838033",2151433747,4068193,1,"Milena Simic"
"780","1272838033",2313521068,4068193,7,"Marina Pekmezovic"
"781","1272838033",2332051743,4068193,5,"Sandra Vojnovic"
"782","1272838033",2558674016,4068193,2,"Nikola Paunovic"
"783","1272838033",2586330878,4068193,3,"Ivan Boric"
"784","1272838033",2634246106,4068193,6,"Jasmina Nikodinovic-Runic"
"785","1276372776",2603304865,2800330116,5,"L. Simonelli"
"786","1410155901",2118698940,4068193,2,"Tara Bulut"
"787","1410155901",2215798233,4068193,1,"Slobodan Markovic"
"788","1410536469",1842021710,4068193,3,"Mirjana Šijačić-Nikolić"
"789","1410536469",2016377689,4068193,4,"Dragan Borota"
"790","1410536469",2239060982,4068193,1,"Dijana Čortan"
"791","1410547251",2574298663,4068193,1,"K. I. Popov"
"792","1414897721",221245978,4068193,2,"Gordana Timotijević"
"793","1414897721",1910911493,4068193,3,"Suzana Stanisavljević"
"794","1414897721",1972272576,4068193,6,"Djordje Miljković"
"795","1414897721",2016128711,4068193,1,"Bojan Jevtić"
"796","1414897721",2192066293,4068193,4,"Miljana Momčilović"
"797","1414897721",2269010688,4068193,5,"Marija Mostarica Stojković"
"798","1416567705",2149224597,NA,1,"Любимов Вячеслав Владимирович"
"799","1417411159",2177974655,62804640,2,"I. Nikolenko"
"800","1422725502",2063063562,4068193,2,"Milica Boskovic"
"801","1422725502",2288360006,4068193,1,"Nenad Putnik"
"802","1423363722",198545322,4068193,3,"Cvetana Krstev"
"803","1423363722",2061579312,4068193,4,"Duško Vitas"
"804","1423363722",2195660239,4068193,1,"Miljana Mladenović"
"805","1423363722",2502371902,4068193,2,"Jelena Mitrović"
"806","1425020337",2097317618,NA,1,"Карпенко Марина Викторовна"
"807","1430104041",318214434,4068193,1,"Tanja S. Kalinovic"
"808","1430104041",684273108,4068193,4,"Jelena V. Kalinovic"
"809","1430104041",1252874745,4068193,2,"Snezana M. Serbula"
"810","1430104041",2063123711,4068193,3,"Ana A. Radojevic"
"811","1430604477",198545322,4068193,1,"Cvetana Krstev"
"812","1430604477",330698263,4068193,3,"Aleksandra Trtovac"
"813","1430604477",2061579312,4068193,2,"Duško Vitas"
"814","1432259782",1631302852,1304155728,5,"Dušan Bijelić"
"815","1432259782",1754301299,1304155728,2,"Vesna Šuljagić"
"816","1432259782",1826703339,1304155728,6,"Milan Erdoglija"
"817","1432259782",2035599026,1304155728,3,"Nenad Baletić"
"818","1432259782",2045157478,1304155728,4,"Ljubomir Pavićević"
"819","1432259782",2108475092,1304155728,1,"Jelena Sotirović"
"820","1432259782",2121809605,1304155728,7,"Aleksandar Perić"
"821","1432259782",2144698842,4068193,8,"Ivan Soldatović"
"822","1440680276",1920069671,4068193,6,"Milica Tomašević"
"823","1440680276",1933435989,4068193,1,"Gordana Vuković"
"824","1440680276",1999911550,4068193,4,"Milan Janković"
"825","1440680276",2051090534,4068193,7,"Aleksandar Popović"
"826","1440680276",2124290788,4068193,3,"Miodrag Pergal"
"827","1440680276",2251904390,4068193,2,"Mira Aničić Urošević"
"828","1441081760",2920071242,NA,1,"Srđan Atanasovski"
"829","1446456552",2546755475,4068193,1,"M. M. Miljkovic"
"830","1451744006",1446427013,NA,1,"T. Tripković"
"831","1451744006",2024624953,4068193,5,"R.M. Baošić"
"832","1451744006",2902397556,4068193,4,"A. Đ Lolić"
"833","1451744006",2902465328,4068193,6,"S.D. Nikolić-Mandić"
"834","1455496097",2111272692,4068193,4,"Sladjana B. Novaković"
"835","1455496097",2286869388,4068193,2,"Goran A. Bogdanović"
"836","1459759994",2104234762,4068193,1,"Milan V. Petrovic"
"837","1459875537",91530389,4068193,2,"Predrag Janičić"
"838","1459875537",206558969,4068193,1,"Filip Marić"
"839","1460963124",1790390143,4068193,3,"Dragutin Lj. Debeljković"
"840","1460963124",2015298134,NA,2,"Vladimir M. Kvrgić"
"841","1460963124",2673260274,4068193,1,"Nataša A. Kablar"
"842","1465972928",2520257730,NA,1,"Magdalena Nikolić"
"843","1465972928",2620916649,NA,2,"Svetlana Stevović"
"844","1466963278",733591475,NA,7,"Z. Dohčević-Mitrović"
"845","1466963278",1446989411,NA,5,"M. Romčević"
"846","1466963278",1973300836,NA,6,"B. Stojanović"
"847","1466963278",2177053834,NA,2,"N. Romčević"
"848","1466963278",2475082014,NA,1,"Z. Lazarević"
"849","1466963278",2629408571,NA,3,"M. Vijatović"
"850","1466963278",2669980970,NA,4,"N. Paunović"
"851","1470049377",2154766529,NA,1,"Степнова Ирина Викторовна"
"852","1470833777",1986917396,4068193,6,"Iris Đorđević"
"853","1470833777",2091318859,4068193,2,"Ivana S. Aljančić"
"854","1470833777",2115885494,4068193,4,"Slobodan M. Milosavljević"
"855","1470833777",2223371548,4068193,5,"Milka Jadranin"
"856","1470833777",2242717576,4068193,3,"Vlatka E. Vajs"
"857","1471075640",2089840489,4068193,1,"R. Radojevic"
"858","1476856699",2580343401,4068193,1,"Marko Obradović"
"859","1478110136",2114700507,4068193,4,"K. Stojanović"
"860","1478110136",2508824569,4068193,2,"A. Kostić"
"861","1478110136",2721513097,4068193,1,"S. Stojadinović"
"862","1478127247",1631302852,1304155728,5,"Dušan Bijelić"
"863","1478127247",1754301299,1304155728,2,"Vesna Šuljagić"
"864","1478127247",1826703339,1304155728,6,"Milan Erdoglija"
"865","1478127247",2035599026,1304155728,3,"Nenad Baletić"
"866","1478127247",2045157478,1304155728,4,"Ljubomir Pavićević"
"867","1478127247",2108475092,1304155728,1,"Jelena Sotirović"
"868","1478127247",2121809605,1304155728,7,"Aleksandar Perić"
"869","1478127247",2144698842,4068193,8,"Ivan Soldatović"
"870","1479681893",1894356387,1313416372,4,"Sönke HARdeRSen"
"871","1480397576",2533508768,NA,3,"B. Bumbăcilă"
"872","1480578644",1790390143,4068193,1,"Dragutin Lj. Debeljkovic"
"873","1480578644",2809871132,4068193,4,"Goran V. Simeunovic"
"874","1480578644",2919260654,4068193,3,"Aleksandra M. Jovanovic"
"875","1480586686",2699678908,1304155728,1,"V. Mirovic"
"876","1480586686",2708713501,1304155728,2,"Z. Lepsanovic"
"877","1480735186",2068561478,4068193,4,"Dragan M. Manasijevic"
"878","1480735186",2107285182,4068193,3,"Dragana T. Živkovic"
"879","1480745270",728765872,4068193,6,"Vojislav Spasojević"
"880","1480745270",1964670017,4068193,10,"Sanja Vranješ-Đurić"
"881","1480745270",2057390187,4068193,5,"Bratislav Antić"
"882","1480745270",2109560922,4068193,8,"Drina Janković"
"883","1480745270",2156923445,4068193,7,"Nadežda Nikolić"
"884","1480745270",2470410388,4068193,1,"Magdalena Radović"
"885","1480745270",2697610510,4068193,9,"Marija Mirković"
"886","1480751018",2039800058,4068193,2,"Vera Rakonjac"
"887","1480751018",2092927899,4068193,3,"Milica Fotirić Akšić"
"888","1480751018",2282215079,4068193,4,"Jelena Bogdanović Pristov"
"889","1480751018",2645180013,4068193,1,"Jasminka Milivojević"
"890","1480879473",2439178392,62804640,2,"O. M. Levchenko"
"891","1481164623",2619059424,NA,1,"Milan S. Dimitrijević"
"892","1481226399",1936385210,4068193,3,"Miloš L. Kalezić"
"893","1481226399",2110397945,4068193,2,"Ana Ivanović"
"894","1481226399",2138995076,4068193,1,"Milena Cvijanović"
"895","1481292706",2695649671,4068193,2,"P. D. Pudja"
"896","1481297675",1960492871,170203145,3,"S. Dronjak"
"897","1481297675",2047651081,170203145,1,"N. Spasojevic"
"898","1481297675",2307442611,170203145,2,"L. Gavrilovic"
"899","1481309839",215762968,1288882113,5,"Olivera Calovic"
"900","1481309839",1305841691,NA,3,"Branislav Gvozdenovic"
"901","1481309839",1656125372,1288882113,6,"Tamara Krivokapic"
"902","1481309839",1908641176,1288882113,2,"Zorica Zivkovic"
"903","1481309839",1974216110,1288882113,8,"Olivera Vlahovic"
"904","1481309839",2157419622,1288882113,4,"Sofija Cerovic"
"905","1481309839",2161223407,1288882113,1,"Snezana Radic"
"906","1481309839",2269085805,1288882113,7,"Spomenka Smiljanic"
"907","1481309839",2475959500,1288882113,9,"Vera Aleksic"
"908","1481315761",1972104373,4068193,1,"Bojan R. Babic"
"909","1481399288",2673915210,NA,1,"R. Ramovic"
"910","1481459915",16722861,NA,1,"Miroslav Prokopijević"
"911","1481473330",1790390143,4068193,3,"Dragutin Lj. Debeljkovic"
"912","1481473330",2015298134,NA,2,"Vladimir Kvrgic"
"913","1481473330",2673260274,4068193,1,"Natasa A. Kablar"
"914","1481513339",2482732585,4068193,2,"B.S. Jovanović"
"915","1481602526",2280127634,4068193,2,"Zoran Jovanovic"
"916","1481602526",2403100888,4068193,1,"Dragan Milicev"
"917","1481608582",1976962441,4068193,3,"Ivan Obradović"
"918","1481712089",216195058,4068193,5,"Lazar Kričak"
"919","1481712089",294214148,NA,1,"Ivana Bjelovuk"
"920","1481712089",1517478886,4068193,2,"Slobodan Jaramaz"
"921","1481712089",1517710656,4068193,4,"Dejan Micković"
"922","1481712089",2078994989,4068193,3,"Predrag Elek"
"923","1481746074",584126028,4068193,2,"Dejan B. Cvetinović"
"924","1481775495",2642419208,4068193,1,"Ana Batricevic"
"925","1481910874",2212778682,NA,1,"Bozidar Jovanovic"
"926","1481911103",2038775917,NA,1,"Dušan Jovanović"
"927","1481960838",2615459279,NA,1,"Matthias Kappler"
"928","1482434958",2012000733,4068193,6,"S. Nikolic-Mandic"
"929","1482678757",1980266952,4068193,2,"M. S. Gorunovic"
"930","1482678757",2164839638,4068193,3,"S. D. Petrovic"
"931","1482678757",2175668682,4068193,4,"Z. A. Maksimovic"
"932","1482679979",2151508808,NA,6,"Steve Quarrie"
"933","1482770158",2549216495,NA,3,"Suvajdzić J"
"934","1482770158",2554025698,NA,4,"Petrović M"
"935","1482770158",2611474068,NA,1,"Vidovíc A"
"936","1482770158",2669272378,NA,2,"Cemerikić"
"937","1482770158",2672848355,NA,5,"Colović M"
"938","1482787513",2298628364,4068193,7,"D. Ilić"
"939","1482787513",2574729926,NA,6,"E. Bon"
"940","1482787513",2619059424,NA,2,"M. S. Dimitrijević"
"941","1482787513",2638150316,NA,1,"L. Č. Popović"
"942","1482787513",2643307096,NA,10,"M. Dačić"
"943","1482787513",2669638041,NA,8,"P. Jovanović"
"944","1482815589",2055861237,4068193,1,"Dragica Vujadinović"
"945","1482823135",2114538350,861853513,28,"G. Rosa"
"946","1482999233",472166429,4068193,3,"Enis S. Džunuzović"
"947","1482999233",734737378,4068193,7,"Aleksandar D. Marinković"
"948","1482999233",1048341697,4068193,4,"Jasna V. Džunuzović"
"949","1482999233",1998553663,4068193,2,"Tijana Radoman"
"950","1482999233",2006788019,4068193,6,"Pavle Spasojević"
"951","1482999233",2041512156,4068193,1,"Jelena D. Rusmirović"
"952","1482999233",2159809162,4068193,5,"Jasmina Markovski"
"953","1483177896",2526361876,NA,2,"Emanuele Bozzo"
"954","1483327003",2664575228,NA,1,"Cristina Rebordosa"
"955","1483607090",2677147776,NA,3,"G. Ferrera"
"956","1483933479",2625333878,NA,3,"Tamara Sanchez García"
"957","1484090853",2248686830,NA,1,"M. Nedeljkovic"
"958","1484090853",2628144396,NA,2,"Z. Stojiljkovic"
"959","1484092848",2666572336,NA,1,"R. Dimitrijevic"
"960","1484092848",2718713993,NA,2,"V. Dondur"
"961","1484168392",1875749418,159365519,1,"Gradimir V. Milovanović"
"962","1484210106",2588577745,1288882113,2,"To Erb"
"963","1484268917",2763298734,1326214870,3,"Enriqueta Fité"
"964","1484537275",2172270200,NA,1,"Sergey Mikhailovich Kononov"
"965","1485012271",2117852024,879563668,4,"Mário Henrique Ferreira do Amaral Dal Pogetto"
"966","1485220504",660349267,NA,3,"Željko Kamberović"
"967","1485297239",1276085487,NA,3,"Aloísio Sartorato"
"968","1486375338",2011567760,4068193,5,"R. Jancic"
"969","1486375338",2037097449,4068193,3,"V. Slavkovska"
"970","1486449827",2282503810,NA,1,"Branislav Rabotic"
"971","1486553556",2142734031,NA,1,"Djordje Šijački"
"972","1486576396",2028447639,4068193,2,"Goran Branković"
"973","1486576396",2110440820,4068193,1,"Nebojsa D. Nikolic"
"974","1486576396",2500172124,4068193,3,"Miomir G. Pavlović"
"975","1486620998",1237859792,4068193,2,"Jovan Dj. Golic"
"976","1486630348",2076119842,NA,3,"Rados Gajic"
"977","1486673093",2556692513,NA,1,"Sanja Vranes"
"978","1486737491",1902650287,4068193,1,"Voja Radovanovic"
"979","1486866411",2650300992,45683168,1,"B. Harras"
"980","1486964669",155457842,4068193,1,"Dusan Stojnov"
"981","1486992740",701589296,1338511612,2,"L. Mancic"
"982","1486992740",2722596950,1338511612,4,"O. Milosevic"
"983","1487002696",2573293480,NA,1,"A. Marincic"
"984","1487259092",2065422149,159365519,1,"Djordje Kadijevich"
"985","1487259092",2065422149,1338511612,1,"Djordje Kadijevich"
"986","1487264664",2045761458,NA,2,"Zoran Petric"
"987","1487270819",137593676,861853513,2,"N. Blefari-Melazzi"
"988","1487839309",2478426991,NA,2,"M.D. Zecevic"
"989","1487839309",2575623833,NA,1,"D.D. Obradovic"
"990","1487844500",2637783802,NA,2,"K. Isakovicacute"
"991","1487844500",2640703557,NA,1,"B. D. Jankovicacute"
"992","1487883882",2651870014,NA,1,"Soria"
"993","1488114068",2078963949,4068193,1,"Dejan Todorović"
"994","1488134666",2101947931,1338511612,1,"Magdalena Stevanović"
"995","1488162990",1519722204,4068193,2,"Mirjana Djoric"
"996","1488321448",2888896792,2801357902,1,"Amparo Morant"
"997","1488560646",2554596629,NA,1,"Jovan Veličkoviča"
"998","1488560646",2692823346,NA,2,"Dragan Jovanović"
"999","1488560646",2765468582,NA,3,"Jovanka Vukajlović"
"1000","1488648703",735975471,NA,2,"Adonai Gimenez Calbo"
"1001","1488789942",2032952638,4068193,4,"M. Damnjanović"
"1002","1488789942",2306429789,4068193,1,"I. B. Božović"
"1003","1488789942",2638625160,4068193,3,"F. Herbut"
"1004","1488789942",2717117907,4068193,2,"M. Vujičić"
"1005","1488948054",2232803838,148128599,2,"Veronica Maria Mateescu"
"1006","1489296782",1998324464,4068193,2,"Vladan Devedzic"
"1007","1489585410",1984520444,NA,1,"P.M. Lukic"
"1008","1489585410",2301180866,NA,2,"R.M. Ramovic"
"1009","1489585410",2483208556,NA,3,"R.M. Sasic"
"1010","1489605627",2421168454,NA,2,"J Xercavins"
"1011","1489640077",1943090520,4068193,4,"A Ristic"
"1012","1489640077",1975846391,4068193,2,"N Dragaševic"
"1013","1489640077",2418397359,4068193,10,"V S Kostic"
"1014","1489640077",2442450087,4068193,8,"I Petrovic"
"1015","1489653918",2058865964,4068193,3,"Zoran Bojkovic"
"1016","1489712128",198545322,4068193,3,"Cvetana Krstev"
"1017","1489712128",1976962441,4068193,4,"Ivan Obradović"
"1018","1489712128",2006480665,4068193,6,"Mladen Stanojević"
"1019","1489712128",2047150294,4068193,5,"Gordana Pavlović-Lažetić"
"1020","1489712128",2061579312,4068193,1,"Duško Vitas"
"1021","1489712128",2188038007,4068193,2,"Ljubomir Popović"
"1022","1489789056",2175091656,NA,18,"V. Benishek"
"1023","1489789056",2343184233,NA,19,"V. Protitch-Benishek"
"1024","1489909018",2461764975,NA,2,"Karsten E. Dreinhofer"
"1025","1490108921",2671957174,NA,1,"Andrei Marcus"
"1026","1490148953",572460402,4068193,2,"K. Karljikovic-Rajic"
"1027","1490148953",2673178751,4068193,1,"D. Pecanac"
"1028","1490148953",2907702063,4068193,3,"D. Radulovic"
"1029","1490237465",2316167384,NA,1,"Jana Baćević"
"1030","1490282018",1973552483,NA,1,"Vladan Pelemiš"
"1031","1490282018",1993205978,NA,2,"Dragan Martinovic"
"1032","1490282018",2073908035,NA,3,"Momčilo Pelemiš"
"1033","1490282018",2676834723,NA,4,"Nebojša Mitrović"
"1034","1490327962",2894184869,1312192358,4,"Predrag Ivanis"
"1035","1490365501",1998324464,4068193,2,"Vladan Devedzic"
"1036","1490382337",2163147449,861853513,5,"G. Parisi"
"1037","1490597064",1926350599,NA,4,"Nenad Koropanovski"
"1038","1490597064",2117324155,NA,1,"Snežana Lazarević"
"1039","1490597064",2637897102,NA,2,"Sretenka Dugalić"
"1040","1490629286",646971474,4068193,2,"Branko J. Malesevic"
"1041","1490629286",737020918,4068193,1,"Ivana V. Jovovic"
"1042","1490631089",2297156958,4068193,2,"S.S. Stankovic"
"1043","1490637318",42074447,4068193,1,"Andrea Čabarkapa"
"1044","1490637318",130999912,4068193,7,"Biljana Spremo-Potparević"
"1045","1490637318",2057182529,4068193,2,"Sunčica Borozan"
"1046","1490637318",2096621929,4068193,5,"Srđan Stojanović"
"1047","1490637318",2138265624,4068193,6,"Vladan Bajić"
"1048","1490637318",2510788382,4068193,4,"Mirjana Milanović-Čabarkapa"
"1049","1490637318",2661976348,4068193,3,"Lada Živković"
"1050","1490732975",2628121630,134820265,1,"Omayra Herrero Soto"
"1051","1491017271",1976252299,4068193,1,"Ksenija Radotić"
"1052","1491017271",2154756603,4068193,3,"Milorad Jeremić"
"1053","1491086427",2125084739,NA,3,"Zoran Simić"
"1054","1491086427",2619059424,NA,1,"Milan S. Dimitrijević"
"1055","1491086427",2638150316,NA,4,"Luka Č. Popović"
"1056","1491383242",2108210467,NA,2,"Thomas C. Peacock"
"1057","1491383242",2569545837,NA,1,"Ronald J. Lavallee"
"1058","1491418726",1635012251,40413290,1,"Leszek Czerwonka"
"1059","1491636403",2144037714,199691007,1,"Dijalma Barbosa da Silva"
"1060","1491756469",2665007398,4068193,1,"Nataša M. Tomic"
"1061","1491843250",2633125160,NA,4,"Z. Burzić"
"1062","1491901494",2034686895,4068193,2,"Dorde M. Durdevic"
"1063","1491901494",2231193337,4068193,1,"Marko J. Misic"
"1064","1491901494",2499500819,4068193,3,"Milo V. Tomasevic"
"1065","1491916798",2004474465,1338511612,2,"D. Uskokovic"
"1066","1491916798",2155491027,1338511612,1,"S. Markovic"
"1067","1492023594",2651139960,NA,1,"M.I. Markovic"
"1068","1492393408",2649478229,NA,2,"J Pérez López"
"1069","1492604892",2620662379,NA,1,"Goran S. Jovanovic"
"1070","1492863824",2047195190,NA,1,"B. Loncar"
"1071","1492893237",371332613,4068193,3,"Aleksandra A. Perić-Grujić"
"1072","1492893237",2075072122,4068193,4,"Viktor V. Pocajt"
"1073","1492893237",2116546065,4068193,2,"Mirjana Đ. Ristić"
"1074","1492893237",2304046883,4068193,1,"Davor Z. Antanasijević"
"1075","1492910473",1790390143,4068193,3,"Dragutin Lj. Debeljkovic"
"1076","1492959453",2634923018,4068193,2,"R. Stikić"
"1077","1492959453",2692020980,NA,1,"Lj. Jovanović"
"1078","1493018501",2261272152,4068193,3,"Stojan Radenović"
"1079","1493028854",654750978,1288882113,1,"S.V. Perovic"
"1080","1493028854",2777572317,1288882113,2,"M.L.J. Djordjevic"
"1081","1493042627",2295356168,NA,3,"Slobodan K. Simić"
"1082","1493149722",2473206127,4068193,2,"Ivan Berkeš"
"1083","1493149722",2701095524,4068193,1,"Nada Majkić"
"1084","1493178197",17279893,NA,2,"Franco Peracchi"
"1085","1493333727",1968028806,4068193,6,"V. B. Pavlovic"
"1086","1493438191",1841746880,4068193,1,"Goran Zivanovic"
"1087","1493438191",2302997454,4068193,2,"Francesc Mestres"
"1088","1493495165",2253832839,NA,1,"Nenad Milovanović"
"1089","1493521320",2129326988,4068193,1,"Marija Jankovic"
"1090","1493521320",2237902517,4068193,4,"Zoran Marjanovic"
"1091","1493566492",2030066389,NA,3,"N. Konjević"
"1092","1493633953",2476917505,NA,1,"D.M. Todorovic"
"1093","1493658824",2921625426,4068193,2,"B. Kolin"
"1094","1493658824",2922467720,4068193,1,"G. Milić"
"1095","1493701620",2636396750,NA,1,"I. Mrak"
"1096","1494255853",2030759872,4068193,1,"Bojan Bakmaz"
"1097","1494255853",2058865964,4068193,2,"Zoran Bojkovic"
"1098","1494356730",2705485752,NA,1,"Jorge Luis Herrera Fuentes"
"1099","1494798737",2293801000,NA,1,"William E. Kirkpatrick"
"1100","1494810127",2010217160,4068193,1,"Jovan Č. Mikulović"
"1101","1494810127",2067559431,4068193,2,"Tomislav B. Šekara"
"1102","1494810777",2222988242,4068193,2,"Jelena Jovanovic"
"1103","1494826084",2125084739,NA,2,"Zoran Simic"
"1104","1494826084",2619059424,NA,1,"Milan S. Dimitrijevic"
"1105","1494874195",2679866530,NA,2,"Eleni D. Filippaki"
"1106","1494986171",304743962,4068193,1,"Nenad Krdžavac"
"1107","1494986171",1811149645,4068193,3,"Vladan Devedžić"
"1108","1494986171",2501206581,4068193,2,"Dragan Ðurić"
"1109","1495023281",2123215500,NA,2,"Ljubomir Todorović"
"1110","1495023281",2716466397,NA,1,"Momir Sokolović"
"1111","1495023281",2716906399,NA,3,"Zoran Stajčić"
"1112","1495023281",2718778666,NA,4,"Vlastimir Petrović"
"1113","1495317675",2619059424,NA,6,"Milan S. Dimitrijević"
"1114","1495317675",2638150316,NA,5,"Luka Č. Popović"
"1115","1495409253",2206601047,172820736,1,"Ing. Luis Alvarez López"
"1116","1495780113",2648926717,NA,2,"M. Tanaskovic"
"1117","1495780113",2666791680,NA,1,"J. Nahman"
"1118","1495801031",2186834614,4068193,2,"Milica Tošić-Radev"
"1119","1495826324",2701182795,NA,1,"Slavica Manic"
"1120","1495866089",2418397359,4068193,12,"V. Kostic"
"1121","1496026353",2196639167,861853513,7,"Luciano Angelucci"
"1122","1496245980",733591475,NA,5,"Z Dohčević-Mitrović"
"1123","1496245980",2646231112,NA,4,"N Paunović"
"1124","1496270612",1938520097,159365519,1,"Luis Gonzalez-Mestres"
"1125","1496380591",1086125815,NA,3,"D. J. Radanovic"
"1126","1496380591",2649557094,NA,1,"M. B. Celap"
"1127","1496380591",2723514307,NA,2,"T. J. Janjic"
"1128","1496387758",209411765,4068193,4,"Filip Kojić"
"1129","1496387758",1981073901,4068193,3,"Danica Dzinović"
"1130","1496387758",2087232817,4068193,2,"Milovan Stamatović"
"1131","1496510212",691033206,4068193,8,"Mila Laušević"
"1132","1496510212",1977760307,4068193,2,"Marina Radišić"
"1133","1496510212",1988466214,NA,6,"Anđelka Petković"
"1134","1496510212",2006682626,4068193,5,"Svetlana Grujić"
"1135","1496510212",2029595898,4068193,1,"Nikolina Antić"
"1136","1496510212",2061408092,NA,7,"Milan Dimkić"
"1137","1496510212",2160905450,4068193,3,"Tanja Radović"
"1138","1496510212",2468816803,4068193,4,"Tatjana Vasiljević"
"1139","1496545273",2037459184,4068193,3,"Antonije Djordjevic"
"1140","1496571302",2045683837,4068193,1,"Zorica Stanimirović"
"1141","1496575609",2637615493,NA,3,"Mt Jiménez de Anta"
"1142","1496761780",2139048864,172901346,12,"Vladislav S Baranov"
"1143","1497252982",2635956653,NA,1,"I. D. Zyrin"
"1144","1497830816",2080716439,NA,2,"Danilo Karličić"
"1145","1497830816",2207410529,NA,3,"Milan Cajić"
"1146","1498063134",2061517101,4068193,1,"Veljko Milutinović"
"1147","1498154355",2130025738,NA,1,"Miodrag M. Colić"
"1148","1498255437",2805492935,NA,1,"Milan M. Cirkovic"
"1149","1498311897",2905822627,NA,4,"Virginia Nunes"
"1150","1499097002",2558564331,1294671590,7,"L. Benjaffel"
"1151","1499184374",2571251259,NA,2,"Ali Mansour"
"1152","1499282551",2303973667,NA,2,"Pavle B. Milenković"
"1153","1499282551",2311703588,NA,1,"Zoran B. Ivanović"
"1154","1499492221",238495894,1288882113,1,"Krstic"
"1155","1499581478",1242139078,4068193,2,"Sonja Ralevic"
"1156","1499581478",1861426195,4068193,4,"Jelena Marinkovic"
"1157","1499581478",2021858153,4068193,5,"Jagoda Jorga"
"1158","1499581478",2227542534,4068193,1,"Nadja Vasiljevic"
"1159","1499600532",901697601,55464072,1,"Ivana Gadjanski"
"1160","1499741542",236101981,NA,1,"Ljubinka Joksimoviæ"
"1161","1499750019",737489666,4068193,3,"Jablan R. Dojcilovic"
"1162","1499750019",1395672937,4068193,2,"Ivan Petronijevic"
"1163","1499750019",2305925857,4068193,1,"Dragana D. Cerovic"
"1164","1499860308",2120244409,4068193,3,"Branko D. Kovacevic"
"1165","1499860308",2624590463,NA,1,"Milan Z. Markovic"
"1166","1499860308",2890696409,NA,2,"Milan M. Milosavljevic"
"1167","1499886047",2484977265,4068193,1,"N.M. Marković"
"1168","1499886047",2689092550,4068193,2,"R.R. Adić"
"1169","1499886047",2740984216,4068193,3,"V.B. Vešović"
"1170","1499983314",2733244359,4068193,1,"L Avramov-Ivic Milka"
"1171","1500170203",2072780053,4068193,2,"Živorad Čeković"
"1172","1500170203",2088269858,4068193,1,"Mihailo Lj. Mihailović"
"1173","1500234800",2189809099,NA,1,"M Jordà Olives"
"1174","1500519576",2100620118,4068193,1,"Dragana Jović"
"1175","1500519576",2100620118,58152225,1,"Dragana Jović"
"1176","1500553331",733591475,NA,1,"Z. D. Dohčević-Mitrović"
"1177","1500553331",2460880613,NA,2,"M. Radović"
"1178","1500553331",2688031172,NA,4,"M. Grujić-Brojčin"
"1179","1500553331",2692544185,NA,3,"M. Šćepanović"
"1180","1500553331",2718193757,NA,7,"S. Bošković"
"1181","1500553331",2779759271,NA,5,"Z. V. Popović"
"1182","1500553331",2921991027,NA,6,"B. Matović"
"1183","1500620459",2618779995,64813649,1,"P. R. Brown"
"1184","1501341705",2229623476,NA,1,"G. Doroeviae"
"1185","1501355242",698554627,4068193,2,"Dragan Djuric"
"1186","1501355242",1811149645,4068193,3,"Vladan Devedžic"
"1187","1501431388",2601270019,32463749,2,"M. Hatayama"
"1188","1502067374",2321191493,4068193,1,"Miodrag Trajkovic"
"1189","1502070010",2640231066,4068193,2,"Mladen Pesic"
"1190","1502077072",1975556272,4068193,1,"Kosta Spasić"
"1191","1502077072",2041729474,4068193,2,"Nikola Škoro"
"1192","1502077072",2079241408,4068193,3,"Nevena Puač"
"1193","1502077072",2250438081,4068193,5,"Zoran Lj. Petrović"
"1194","1502077072",2306435200,4068193,4,"Gordana Malović"
"1195","1502085357",1812735848,4068193,2,"Stevan Djenize"
"1196","1502085357",1923061428,4068193,1,"Vladimir Milosavljevic"
"1197","1502232209",2066497930,NA,1,"Milosav Babić Milosav Babić"
"1198","1502232209",2116523049,NA,3,"Snežana Mladenović Drinić Snežana Mladenović Drinić"
"1199","1502232209",2555187856,NA,4,"Kosana Konstantinov Kosana Konstantinov"
"1200","1502232209",2627949067,NA,2,"Violeta Anđelković Violeta Anđelković"
"1201","1502292941",2105660104,4068193,3,"Aleksa Obradovic"
"1202","1502631937",2232301438,NA,1,"O. L. Dobrozhanskaya"
"1203","1503105623",2673905811,NA,2,"Z.S. Žunic"
"1204","1503207617",2168773203,NA,3,"S.D. Drinić"
"1205","1503207617",2499367740,4068193,1,"D.B. Milivojević"
"1206","1503207617",2669216019,4068193,2,"D.Đ. Stojanović"
"1207","1503351532",151753284,4068193,5,"M. Dramićanin"
"1208","1503351532",695131501,4068193,3,"I. Holclajtner Antunović"
"1209","1503351532",1973315269,4068193,6,"M. Marinović Cincović"
"1210","1503351532",1990235603,4068193,2,"D. Kepić"
"1211","1503351532",2086616540,4068193,1,"Z. Marković"
"1212","1503351532",2145868734,4068193,4,"M. Nikolić"
"1213","1503351532",2305543675,4068193,7,"B. Todorović Marković"
"1214","1503556068",151753284,NA,2,"M.D. Dramićanin"
"1215","1503556068",2088221049,NA,3,"M. Mitrić"
"1216","1503556068",2654402952,NA,4,"V. Jokanović"
"1217","1503556068",2808735935,NA,1,"Ž. Andrić"
"1218","1503579838",2489878577,4068193,1,"Aleksandar Ivic"
"1219","1503579838",2763639712,4068193,2,"N. Bokan"
"1220","1503703902",2102450692,NA,1,"Marija Mitrović"
"1221","1503707138",1581278847,NA,3,"Biljana Parapid"
"1222","1503707138",2087668126,4068193,2,"Srdjan Popovic"
"1223","1503707138",2132541897,NA,6,"Dejan Nikolic"
"1224","1503707138",2290166832,4068193,5,"Dragana Cirovic"
"1225","1503707138",2602951957,4068193,4,"Ivana Petronic"
"1226","1503707138",2755868241,4068193,1,"Dragana Matanovic"
"1227","1503744905",2032865342,4068193,1,"Dušan Polomčić"
"1228","1503744905",2176611707,4068193,2,"Dragoljub Bajić"
"1229","1503825818",702869763,4068193,12,"Esma R. Isenovic"
"1230","1503825818",1057979365,NA,11,"Uros Babic"
"1231","1503825818",1976224508,NA,10,"Jovana Radakovic"
"1232","1503825818",2029700271,NA,8,"Eliana Garalejic"
"1233","1503825818",2092446401,NA,5,"Tomislav Stefanovic"
"1234","1503825818",2125108484,NA,7,"Milica Kovacevic"
"1235","1503825818",2130366578,NA,1,"Milan Perovic"
"1236","1503825818",2431309347,NA,9,"Stefan Dugalic"
"1237","1503825818",2523555232,NA,3,"Biljana Arsic"
"1238","1503825818",2559727120,NA,4,"Igor Pantic"
"1239","1503825818",2691637794,NA,2,"Miroslava Gojnic"
"1240","1503825818",2721548046,NA,6,"Gordana Kovacevic"
"1241","1504496876",1974789523,4068193,3,"Iva Milinkovic"
"1242","1504496876",2017498843,4068193,2,"Zoran Aleksic"
"1243","1504496876",2133572556,4068193,4,"Bozidar Dimitrijevic"
"1244","1504496876",2481445693,4068193,1,"Sasha Jankovic"
"1245","1504502612",2556535875,NA,5,"B. Rajkovic"
"1246","1504502612",2716543519,NA,2,"V. Djurdjevic"
"1247","1504547095",2665089573,NA,1,"I. M. Vasiljevic"
"1248","1504547095",2686738739,NA,2,"L. R. Cander"
"1249","1504577604",2125084739,NA,3,"Zoran Simić"
"1250","1504577604",2177680494,NA,2,"Andjelka Kovačević"
"1251","1504577604",2619059424,NA,1,"Milan S. Dimitrijević"
"1252","1504593750",1979302932,4068193,7,"Biljana Mihaljevic"
"1253","1504593750",2085847476,4068193,2,"Dragomir Marisavljevic"
"1254","1504593750",2264880824,NA,6,"Branka Filipovic"
"1255","1504593750",2275446183,NA,4,"Maja Perunicic"
"1256","1504593750",2302168154,NA,3,"Vesna Cemerikic"
"1257","1504593750",2369001596,NA,1,"Olivera Markovic"
"1258","1504758179",2652702248,NA,5,"V. Bocvarski"
"1259","1504793589",198545322,4068193,3,"Cvetana Krstev"
"1260","1504793589",1976962441,4068193,4,"Ivan Obradović"
"1261","1504793589",2006480665,4068193,6,"Mladen Stanojević"
"1262","1504793589",2047150294,4068193,5,"Gordana Pavlović-Lažetić"
"1263","1504793589",2061579312,4068193,1,"Duško Vitas"
"1264","1504793589",2188038007,4068193,2,"Ljubomir Popović"
"1265","1505576817",1571994233,NA,4,"Ðuro Koruga"
"1266","1505576817",2020399213,NA,1,"Božica Bojović"
"1267","1505576817",2278642475,NA,2,"Ljubisa Petrov"
"1268","1505576817",2345983130,NA,3,"Lidija Matija"
"1269","1505732277",2305085776,NA,3,"Nenad Mladenović"
"1270","1505781408",2571855092,NA,1,"L. Jovanovic"
"1271","1505813997",2224000772,4068193,6,"S. Vujnović"
"1272","1505813997",2297086398,4068193,5,"A. Marjanović"
"1273","1505814093",222837960,1338511612,2,"Miodrag J. Mihaljevic"
"1274","1506272256",2309830362,NA,1,"Branimir Stanić"
"1275","1506272256",2558841256,NA,2,"Smiljan Vukanovic"
"1276","1506272256",2664703243,NA,3,"Miroslav Osoba"
"1277","1506319670",2438828557,4068193,2,"S. Čičević"
"1278","1506333144",2307251920,NA,1,"M.M. Milosavljevic"
"1279","1506401224",707910933,NA,9,"Nada Dimkovic"
"1280","1506401224",2082121153,NA,1,"Petar S Djuric"
"1281","1506401224",2096537100,NA,2,"Aleksandar Jankovic"
"1282","1506401224",2109948470,NA,3,"Milos Mitrovic"
"1283","1506401224",2169066577,NA,7,"Danica Vujic"
"1284","1506401224",2173131648,NA,4,"Jelena Tosic Dragovic"
"1285","1506401224",2477249689,NA,5,"Jasmina Lipkovska Markovic"
"1286","1506401224",2485687455,NA,6,"Gordana Basta Jovanovic"
"1287","1506401224",2500293206,NA,8,"Jovan Ikonomovski"
"1288","1506403245",1988256610,4068193,2,"Srdjan Markovic"
"1289","1506403245",2146505723,4068193,3,"Miodrag Popovic"
"1290","1506472753",102357788,4068193,1,"Nikola Mirkov"
"1291","1506472753",2042210800,4068193,2,"Boško Rašuo"
"1292","1506499313",115763571,4068193,1,"Tatjana Đurović"
"1293","1506571096",270378964,4068193,3,"A. Sedmak"
"1294","1506585895",1900635070,NA,1,"Branislav D. Janković"
"1295","1506585895",2183055187,NA,2,"Katarina Isaković"
"1296","1506585895",2710205206,NA,3,"Ljubodrag Mihailović"
"1297","1506631785",2691517075,NA,2,"Violeta Leoreanu-Fotea"
"1298","1507015225",1973552483,NA,1,"Vladan M Pelemis"
"1299","1507015225",2687058866,NA,4,"Danica Džinović-Kojić"
"1300","1507035827",732914986,4068193,6,"Zorana Jelic-Ivanovic"
"1301","1507035827",1159317329,NA,3,"Nenad Dikic"
"1302","1507035827",1998745796,4068193,1,"Ivana Baralic"
"1303","1507035827",2302652288,4068193,4,"Jelena Kotur-Stevuljevic"
"1304","1507035827",2309503453,4068193,5,"Slavica Spasic"
"1305","1507035827",2464976664,4068193,2,"Brizita Djordjevic"
"1306","1507035827",2579327751,170203145,9,"Snezana Pejic"
"1307","1507035827",2701105282,NA,7,"Nenad Radivojevic"
"1308","1507035827",2722160152,NA,8,"Marija Andjelkovic"
"1309","1507044034",2142734031,NA,2,"D. Sijacki"
"1310","1507056468",286942074,NA,1,"Irini S. Reljin"
"1311","1507056468",2189212085,NA,2,"Branimir D. Reljin"
"1312","1507060550",1976306370,4068193,1,"Zoran R. Petrović"
"1313","1507060550",1991378874,4068193,2,"Vladimir M. Skulić"
"1314","1507060550",2715650728,4068193,3,"Milenko Cvetinović"
"1315","1507219611",257862290,4068193,1,"Mirjana Devedžić"
"1316","1507219611",1811149645,4068193,2,"Vladan Devedžić"
"1317","1507368940",1984642244,NA,1,"Sasa Dujko"
"1318","1507422090",562842685,4068193,2,"Vesna Spasojevic-Kalimanovska"
"1319","1507422090",732914986,4068193,8,"Zorana Jelic-Ivanovic"
"1320","1507422090",767976161,4068193,7,"Violeta Dopsaj"
"1321","1507422090",1979195721,4068193,3,"Natasa Bogavac Stanojevic"
"1322","1507422090",1992151890,NA,1,"Lidija Memon"
"1323","1507422090",2040705356,NA,5,"Sanja Simic-Ogrizovic"
"1324","1507422090",2302652288,4068193,4,"Jelena Kotur-Stevuljevic"
"1325","1507422090",2309503453,4068193,9,"Slavica Spasic"
"1326","1507422090",2693738972,NA,6,"Vojislav Giga"
